10,6
10,108
10,220
10,262
10,156
10,138
10,212
10,176
11,6
11,26
11,24
9,4
9,6
8,7
8,4
21,3
21,2
21,1
21,0
20,3
20,2
20,1
19,3
19,2
19,1
12,3
12,2
12,1
11,29
11,28
11,27
11,25
11,23
11,22
11,21
11,20
11,19
11,18
11,17
11,16
11,14
11,13
11,12
18,1
11,11
18,3
11,9
11,8
11,7
11,5
11,3
11,2
11,1
10,295
10,294
10,293
10,292
10,291
10,277
10,271
10,267
10,237
10,193
10,189
10,185
10,183
10,169
10,157
10,145
10,83
10,29
10,15
10,3
10,2
10,1
9,7
9,5
9,3
9,2
9,1
8,18
8,17
8,16
8,14
8,12
8,11
8,10
8,9
8,6
8,5
8,3
8,2
8,1
3,3
3,2
3,1
2,2
2,3
2,1
0,270
